-16149         
-27674         
-13494         
-18607         
-2383          
-9713          
-2353          
-15703         
-24848         
-21190         
-10428         
-12585         
-27188         
-5284          
-943           
6560           
-5291          
4001           
1515           
536            
-18949         
-11908         
-14965         
-2322          
7541           
-12391         
8851           
27454          
-5711          
-10903         
-2833          
470            
-17087         
-13824         
-17244         
-22207         
-38265         
-20121         
-11924         
20881          
25656          
1810           
16737          
118            
-10000         
9442           
-13806         
7858           
-11655         
16768          
-12673         
1018           
-17600         
16682          
-5463          
8765           
3598           
-17197         
-18638         
-9118          
-4596          
1216           
-2037          
21011          
21274          
23080          
11877          
19047          
30002          
11845          
12402          
-10450         
-11168         
11752          
13586          
-5031          
-7895          
20181          
1046           
2698           
826            
14216          
-3199          
-9260          
-2887          
10341          
21908          
7674           
20861          
15580          
-4381          
21239          
-19847         
-508           
5331           
-20064         
-16497         
-6956          
8868           
2548           
10322          
-18534         
-1317          
981            
12420          
-598           
10041          
-12446         
-7434          
-20316         
-2679          
-16795         
847            
20356          
-18837         
16646          
27769          
10269          
8478           
25508          
14785          
7732           
2737           
-8998          
1230           
-19312         
-27995         
-14923         
-4937          
-12294         
2744           
-4195          
-16919         
-35058         
-15771         
-49455         
-50664         
-36817         
4336           
6060           
-2456          
18963          
20793          
-9295          
10054          
-10106         
6014           
-3454          
15470          
-22            
5299           
-23690         
3109           
-20539         
-3588          
-9152          
9840           
-32315         
-7631          
11798          
-9364          
214            
-3704          
7990           
8367           
8916           
8678           
6641           
-12707         
-20102         
2808           
-8800          
-5688          
-7496          
-13809         
6180           
163            
-2171          
1203           
-30578         
-3615          
-4461          
18595          
-9610          
27689          
6989           
-8988          
18547          
16534          
12324          
12839          
27064          
15404          
22503          
13997          
4021           
13079          
881            
33647          
764            
-156           
16368          
-9337          
-15005         
-9036          
-9395          
3751           
-3719          
11803          
16517          
2136           
515            
888            
6462           
-4294          
16466          
24951          
-12386         
-9393          
-5222          
9872           
-2260          
-845           
-3500          
17660          
-13930         
13865          
35306          
17858          
31884          
11872          
5887           
655            
-18602         
12740          
12715          
-11688         
11809          
-12828         
9304           
3611           
26771          
-7158          
-11692         
-36118         
-11010         
-21373         
-8784          
-15499         
-11819         
-26351         
18505          
28107          
10056          
-9215          
28615          
20103          
29959          
22296          
37808          
14036          
-923           
-32776         
5681           
-20484         
-2035          
25206          
21166          
108            
-17285         
-13893         
-3646          
-1012          
3226           
23840          
34078          
27603          
9793           
11604          
-16505         
-231           
18710          
-29228         
-15869         
-19028         
-23091         
-9588          
-13286         
3456           
11046          
10239          
13000          
12672          
-11722         
11711          
-1547          
3660           
10696          
-9623          
3792           
-287           
16995          
30138          
-5527          
7114           
8422           
2881           
-9504          
-23061         
33857          
7225           
10141          
-3743          
-16710         
-18072         
-12968         
-13113         
-21275         
-4496          
-1875          
6974           
-3455          
-3518          
-430           
-22437         
11456          
10895          
23893          
26489          
1761           
-25220         
-38175         
-32915         
-7693          
-30646         
4757           
-25005         
-22359         
-9403          
-25604         
-10532         
-21294         
-22627         
-22737         
-12950         
6756           
9616           
-9670          
-15654         
-24234         
-10195         
10274          
-68            
9295           
27599          
14124          
25376          
6358           
-6211          
2447           
-14270         
-17537         
6052           
-10293         
-28504         
-7418          
-19607         
-11281         
963            
9358           
22170          
10123          
10331          
20766          
13971          
-7824          
735            
-13146         
-17501         
-252           
12890          
-886           
-28450         
947            
-3261          
1569           
-2590          
-4381          
95             
-9628          
11566          
-10898         
-1593          
1947           
-20700         
-36584         
-32601         
-29063         
-24086         
-5421          
24367          
34534          
48428          
13108          
25724          
43075          
25470          
12911          
26861          
-3911          
-2032          
-14789         
-25692         
-27080         
12797          
10656          
6772           
25627          
22952          
12630          
28298          
5902           
25211          
-4414          
-2054          
3253           
-21336         
-2607          
-19578         
-13891         
-4517          
11743          
20923          
22557          
29201          
25321          
10744          
3297           
-1465          
1004           
-1424          
-8337          
-15319         
16044          
2314           
16877          
8043           
-16873         
4630           
4099           
-7630          
14301          
6883           
41114          
16444          
10255          
-5699          
-6759          
-25807         
-11931         
-29011         
-18896         
-29446         
-15253         
7406           
17465          
2669           
11745          
35658          
18243          
-12440         
9415           
16468          
-32373         
-27297         
-6596          
-32023         
-17864         
1359           
32284          
34793          
16833          
42991          
28942          
2598           
-32497         
-15753         
-12227         
-33517         
-38174         
8800           
-17541         
-3192          
-12077         
7827           
-4667          
-10084         
-1992          
-17146         
-22314         
-35062         
-19714         
-34463         
-619           
15494          
13685          
27725          
18795          
-2374          
-16543         
6045           
-16524         
-22047         
-23366         
1388           
-8855          
14143          
-4013          
18290          
-7086          
-16984         
-18639         
-9404          
-21498         
-24640         
-427           
-7547          
-8240          
2143           
1090           
15598          
12778          
3351           
25182          
-1821          
5290           
-39609         
-3313          
-9318          
1229           
-30404         
-4556          
17680          
7171           
16464          
36088          
23706          
24504          
7800           
7220           
-6073          
7667           
-24643         
12859          
15375          
9219           
19242          
7601           
12419          
5468           
-24724         
-18200         
-26118         
-10050         
-9330          
-18911         
-16274         
34877          
20436          
39035          
18055          
17988          
17325          
17468          
-13106         
-2342          
7463           
-4335          
-14816         
25418          
-3480          
12392          
40027          
19308          
3891           
16593          
6932           
34016          
-22756         
-41886         
-13795         
7783           
20312          
21394          
14513          
-1492          
46184          
33271          
42826          
38941          
23826          
16253          
-16663         
-5699          
-1140          
16402          
1412           
16929          
21120          
-13157         
23998          
4111           
19850          
31964          
21407          
21605          
33045          
28330          
12946          
28801          
29580          
11681          
-786           
6910           
24568          
-22597         
-11966         
-12385         
-17489         
-26333         
-16368         
-21094         
5711           
6398           
-14080         
-20161         
6616           
-34179         
-21505         
-8556          
-22011         
3547           
-28695         
-35293         
32260          
26733          
18652          
3816           
25492          
13967          
-5125          
-6940          
-23572         
-36342         
-50829         
-29070         
-39411         
-36552         
-16117         
-38891         
-7842          
-397           
-21989         
-21648         
4312           
-41795         
-35540         
-13295         
-44699         
-32155         
-4557          
-14782         
-22297         
-10280         
-17248         
-15554         
2945           
7576           
-19282         
-29924         
-33687         
-19523         
-30493         
-8698          
4866           
-1175          
-16982         
4695           
-20975         
-19123         
-24147         
-13207         
20234          
13248          
3268           
17410          
21535          
-7246          
19418          
6920           
-29261         
-9161          
-1318          
-10176         
-24596         
-23052         
-26703         
-15376         
25408          
16963          
46734          
9595           
37060          
7238           
11263          
17278          
11267          
17163          
24243          
2843           
1833           
22768          
27423          
44231          
34885          
42174          
17332          
19543          
8345           
4468           
9893           
-4380          
-29935         
3810           
19544          
-52            
12408          
12760          
6798           
-4420          
-2068          
76             
13213          
30196          
26531          
31607          
14298          
3743           
4315           
18927          
18675          
-2528          
28107          
24656          
1280           
6673           
2685           
-768           
10107          
3070           
-2572          
-14738         
-8729          
2241           
-3253          
-10771         
-19317         
-833           
-7380          
6336           
-2417          
-12333         
10162          
-7330          
18689          
19343          
12353          
-9868          
-14400         
-14895         
-22756         
-11848         
-17856         
1087           
