78 
64 
49 
88 
60 
53 
13 
-18
0  
19 
-74
-6 
-80
-34
-50
-70
-45
-89
-56
2  
5  
33 
61 
-1 
0  
-46
30 
-48
-23
12 
47 
42 
-18
35 
-48
64 
-12
26 
3  
-41
48 
-4 
21 
75 
-2 
23 
53 
61 
-13
-39
10 
36 
40 
-27
-7 
85 
-10
-8 
-80
-56
51 
84 
-25
-36
-95
14 
53 
-35
-39
-66
18 
66 
27 
6  
-61
67 
-3 
-54
-102
-95
12 
-29
-43
-30
-84
-28
-89
-6 
-79
-94
-76
-82
-66
-1 
-20
27 
-65
-5 
-47
-73
36 
-67
-38
56 
0  
47 
-20
44 
49 
15 
-39
59 
52 
10 
3  
-7 
31 
-18
16 
-40
58 
-20
47 
7  
-21
39 
29 
-22
17 
-42
34 
-38
-42
-50
-63
-77
-55
-99
-94
48 
-80
-75
-32
44 
23 
-49
10 
66 
87 
78 
