134            
0              
220            
0              
202            
0              
213            
0              
231            
0              
247            
0              
261            
0              
276            
0              
282            
0              
291            
0              
292            
0              
295            
0              
296            
0              
297            
0              
296            
0              
296            
0              
292            
0              
289            
0              
276            
0              
266            
0              
251            
0              
236            
0              
220            
0              
205            
0              
193            
0              
180            
0              
166            
0              
153            
0              
137            
0              
121            
0              
105            
0              
89             
0              
79             
0              
67             
0              
64             
0              
58             
0              
58             
0              
56             
0              
55             
0              
55             
0              
57             
0              
58             
0              
66             
0              
72             
0              
87             
0              
100            
0              
116            
0              
132            
0              
146            
0              
160            
0              
173            
0              
186            
0              
200            
0              
214            
0              
231            
0              
247            
0              
261            
0              
276            
0              
282            
0              
291            
0              
292            
0              
295            
0              
296            
0              
297            
0              
296            
0              
296            
0              
292            
0              
289            
0              
276            
0              
266            
0              
251            
0              
236            
0              
220            
0              
205            
0              
193            
0              
180            
0              
166            
0              
153            
0              
137            
0              
121            
0              
105            
0              
89             
0              
79             
0              
67             
0              
64             
0              
58             
0              
58             
0              
56             
0              
55             
0              
55             
0              
57             
0              
58             
0              
66             
0              
72             
0              
87             
0              
100            
0              
116            
0              
132            
0              
142            
0              
154            
0              
172            
0              
189            
0              
199            
0              
211            
0              
223            
0              
235            
0              
249            
0              
263            
0              
275            
0              
288            
0              
294            
0              
302            
0              
300            
0              
301            
0              
296            
0              
293            
0              
288            
0              
284            
0              
278            
0              
272            
0              
260            
0              
250            
0              
233            
0              
217            
0              
199            
0              
181            
0              
168            
0              
153            
0              
141            
0              
128            
0              
116            
0              
103            
0              
90             
0              
76             
0              
66             
0              
55             
0              
54             
0              
49             
0              
53             
0              
55             
0              
59             
0              
63             
0              
68             
0              
72             
0              
81             
0              
89             
0              
104            
0              
117            
0              
135            
0              
152            
0              
169            
0              
187            
0              
198            
0              
211            
0              
223            
0              
235            
0              
249            
0              
263            
0              
275            
0              
288            
0              
294            
0              
302            
0              
300            
0              
301            
0              
296            
0              
293            
0              
288            
0              
284            
0              
278            
0              
272            
0              
260            
0              
250            
0              
233            
0              
217            
0              
199            
0              
181            
0              
168            
0              
153            
0              
141            
0              
128            
0              
116            
0              
103            
0              
90             
0              
76             
0              
66             
0              
55             
0              
54             
0              
49             
0              
53             
0              
55             
0              
59             
0              
63             
0              
68             
0              
72             
0              
81             
0              
89             
0              
104            
0              
117            
0              
137            
0              
156            
0              
162            
0              
171            
0              
192            
0              
209            
0              
222            
0              
236            
0              
245            
0              
256            
0              
266            
0              
276            
0              
285            
0              
294            
0              
300            
0              
306            
0              
303            
0              
302            
0              
294            
0              
288            
0              
278            
0              
269            
0              
261            
0              
252            
0              
241            
0              
230            
0              
213            
0              
198            
0              
178            
0              
160            
0              
144            
0              
128            
0              
117            
0              
105            
0              
96             
0              
86             
0              
77             
0              
67             
0              
59             
0              
50             
0              
49             
0              
46             
0              
52             
0              
56             
0              
65             
0              
74             
0              
82             
0              
91             
0              
100            
0              
110            
0              
124            
0              
136            
0              
156            
0              
174            
0              
192            
0              
209            
0              
222            
0              
236            
0              
245            
0              
256            
0              
266            
0              
276            
0              
285            
0              
294            
0              
300            
0              
306            
0              
303            
0              
302            
0              
294            
0              
288            
0              
278            
0              
269            
0              
261            
0              
252            
0              
241            
0              
230            
0              
213            
0              
198            
0              
178            
0              
160            
0              
144            
0              
128            
0              
117            
0              
105            
0              
96             
0              
86             
0              
77             
0              
67             
0              
59             
0              
50             
0              
49             
0              
46             
0              
52             
0              
56             
0              
65             
0              
74             
0              
82             
0              
91             
0              
100            
0              
110            
0              
125            
0              
139            
0              
157            
0              
174            
0              
181            
0              
192            
0              
212            
0              
230            
0              
243            
0              
258            
0              
266            
0              
275            
0              
280            
0              
287            
0              
292            
0              
298            
0              
300            
0              
304            
0              
300            
0              
298            
0              
288            
0              
279            
0              
265            
0              
253            
0              
241            
0              
229            
0              
217            
0              
205            
0              
190            
0              
175            
0              
157            
0              
140            
0              
123            
0              
105            
0              
96             
0              
84             
0              
78             
0              
71             
0              
66             
0              
60             
0              
56             
0              
51             
0              
50             
0              
48             
0              
56             
0              
61             
0              
75             
0              
86             
0              
99             
0              
111            
0              
123            
0              
135            
0              
147            
0              
160            
0              
177            
0              
194            
0              
212            
0              
230            
0              
243            
0              
258            
0              
266            
0              
275            
0              
280            
0              
287            
0              
292            
0              
298            
0              
300            
0              
304            
0              
300            
0              
298            
0              
288            
0              
279            
0              
265            
0              
253            
0              
241            
0              
229            
0              
217            
0              
205            
0              
190            
0              
175            
0              
157            
0              
140            
0              
123            
0              
105            
0              
96             
0              
84             
0              
78             
0              
71             
0              
66             
0              
60             
0              
56             
0              
51             
0              
50             
0              
48             
0              
56             
0              
61             
0              
75             
0              
86             
0              
99             
0              
111            
0              
122            
0              
134            
0              
147            
0              
160            
0              
177            
0              
194            
0              
202            
0              
213            
0              
231            
0              
247            
0              
261            
0              
276            
0              
282            
0              
291            
0              
292            
0              
295            
0              
296            
0              
297            
0              
296            
0              
296            
0              
292            
0              
289            
0              
276            
0              
266            
0              
251            
0              
236            
0              
220            
0              
205            
0              
193            
0              
180            
0              
166            
0              
153            
0              
137            
0              
121            
0              
105            
0              
89             
0              
79             
0              
67             
0              
64             
0              
58             
0              
58             
0              
56             
0              
55             
0              
55             
0              
57             
0              
58             
0              
66             
0              
72             
0              
87             
0              
100            
0              
116            
0              
132            
0              
146            
0              
160            
0              
173            
0              
186            
0              
200            
0              
214            
0              
231            
0              
247            
0              
261            
0              
276            
0              
282            
0              
291            
0              
292            
0              
295            
0              
296            
0              
297            
0              
296            
0              
296            
0              
292            
0              
289            
0              
276            
0              
266            
0              
251            
0              
236            
0              
220            
0              
205            
0              
193            
0              
180            
0              
166            
0              
153            
0              
137            
0              
121            
0              
105            
0              
89             
0              
79             
0              
67             
0              
64             
0              
58             
0              
58             
0              
56             
0              
55             
0              
55             
0              
57             
0              
58             
0              
66             
0              
72             
0              
87             
0              
100            
0              
116            
0              
132            
0              
142            
0              
154            
0              
172            
0              
189            
0              
199            
0              
211            
0              
223            
0              
235            
0              
249            
0              
263            
0              
275            
0              
288            
0              
294            
0              
302            
0              
300            
0              
301            
0              
296            
0              
293            
0              
288            
0              
284            
0              
278            
0              
272            
0              
260            
0              
250            
0              
233            
0              
217            
0              
199            
0              
181            
0              
168            
0              
153            
0              
141            
0              
128            
0              
116            
0              
103            
0              
90             
0              
76             
0              
66             
0              
55             
0              
54             
0              
49             
0              
53             
0              
55             
0              
59             
0              
63             
0              
68             
0              
72             
0              
81             
0              
89             
0              
104            
0              
117            
0              
135            
0              
152            
0              
169            
0              
187            
0              
198            
0              
211            
0              
223            
0              
235            
0              
249            
0              
263            
0              
275            
0              
288            
0              
294            
0              
302            
0              
300            
0              
301            
0              
296            
0              
293            
0              
288            
0              
284            
0              
278            
0              
272            
0              
260            
0              
250            
0              
233            
0              
217            
0              
199            
0              
181            
0              
168            
0              
153            
0              
141            
0              
128            
0              
116            
0              
103            
0              
90             
0              
76             
0              
66             
0              
55             
0              
54             
0              
49             
0              
53             
0              
55             
0              
59             
0              
63             
0              
68             
0              
72             
0              
81             
0              
89             
0              
104            
0              
117            
0              
137            
0              
156            
0              
162            
0              
171            
0              
192            
0              
209            
0              
222            
0              
236            
0              
245            
0              
256            
0              
266            
0              
276            
0              
285            
0              
294            
0              
300            
0              
306            
0              
303            
0              
302            
0              
294            
0              
288            
0              
278            
0              
269            
0              
261            
0              
252            
0              
241            
0              
230            
0              
213            
0              
198            
0              
178            
0              
160            
0              
144            
0              
128            
0              
117            
0              
105            
0              
96             
0              
86             
0              
77             
0              
67             
0              
59             
0              
50             
0              
49             
0              
46             
0              
52             
0              
56             
0              
65             
0              
74             
0              
82             
0              
91             
0              
100            
0              
110            
0              
124            
0              
136            
0              
156            
0              
174            
0              
192            
0              
209            
0              
222            
0              
236            
0              
245            
0              
256            
0              
266            
0              
276            
0              
285            
0              
294            
0              
300            
0              
306            
0              
303            
0              
302            
0              
294            
0              
288            
0              
278            
0              
269            
0              
261            
0              
252            
0              
241            
0              
230            
0              
213            
0              
198            
0              
178            
0              
160            
0              
144            
0              
128            
0              
117            
0              
105            
0              
96             
0              
86             
0              
77             
0              
67             
0              
59             
0              
50             
0              
49             
0              
46             
0              
52             
0              
56             
0              
65             
0              
74             
0              
82             
0              
91             
0              
100            
0              
110            
0              
125            
0              
139            
0              
157            
0              
174            
0              
181            
0              
192            
0              
212            
0              
230            
0              
243            
0              
258            
0              
266            
0              
275            
0              
280            
0              
287            
0              
292            
0              
298            
0              
300            
0              
304            
0              
300            
0              
298            
0              
288            
0              
279            
0              
265            
0              
253            
0              
241            
0              
229            
0              
217            
0              
205            
0              
190            
0              
175            
0              
157            
0              
140            
0              
123            
0              
105            
0              
96             
0              
84             
0              
78             
0              
71             
0              
66             
0              
60             
0              
56             
0              
51             
0              
50             
0              
48             
0              
56             
0              
61             
0              
75             
0              
86             
0              
99             
0              
111            
0              
123            
0              
135            
0              
147            
0              
160            
0              
177            
0              
194            
0              
212            
0              
230            
0              
243            
0              
258            
0              
266            
0              
275            
0              
280            
0              
287            
0              
292            
0              
298            
0              
300            
0              
304            
0              
300            
0              
298            
0              
288            
0              
279            
0              
265            
0              
253            
0              
241            
0              
229            
0              
217            
0              
205            
0              
190            
0              
175            
0              
157            
0              
140            
0              
123            
0              
105            
0              
96             
0              
84             
0              
78             
0              
71             
0              
66             
0              
60             
0              
56             
0              
51             
0              
50             
0              
48             
0              
56             
0              
61             
0              
75             
0              
86             
0              
99             
0              
111            
0              
122            
0              
134            
0              
147            
0              
160            
0              
177            
0              
194            
0              
202            
0              
213            
0              
231            
0              
247            
0              
261            
0              
276            
0              
282            
0              
291            
0              
292            
0              
295            
0              
296            
0              
297            
0              
296            
0              
296            
0              
292            
0              
289            
0              
276            
0              
266            
0              
251            
0              
236            
0              
220            
0              
205            
0              
193            
0              
180            
0              
166            
0              
153            
0              
137            
0              
121            
0              
105            
0              
89             
0              
79             
0              
67             
0              
64             
0              
58             
0              
58             
0              
56             
0              
55             
0              
55             
0              
57             
0              
58             
0              
66             
0              
72             
0              
87             
0              
100            
0              
116            
0              
132            
0              
146            
0              
160            
0              
173            
0              
186            
0              
200            
0              
214            
0              
231            
0              
247            
0              
261            
0              
276            
0              
282            
0              
291            
0              
292            
0              
295            
0              
296            
0              
297            
0              
296            
0              
296            
0              
292            
0              
289            
0              
276            
0              
266            
0              
251            
0              
236            
0              
220            
0              
205            
0              
193            
0              
180            
0              
166            
0              
153            
0              
137            
0              
121            
0              
105            
0              
89             
0              
79             
0              
67             
0              
64             
0              
58             
0              
58             
0              
56             
0              
55             
0              
55             
0              
57             
0              
58             
0              
66             
0              
72             
0              
87             
0              
100            
0              
116            
0              
132            
0              
142            
0              
154            
0              
172            
0              
189            
0              
199            
0              
211            
0              
223            
0              
235            
0              
249            
0              
263            
0              
275            
0              
288            
0              
294            
0              
302            
0              
300            
0              
301            
0              
296            
0              
293            
0              
288            
0              
284            
0              
278            
0              
272            
0              
260            
0              
250            
0              
233            
0              
217            
0              
199            
0              
181            
0              
168            
0              
153            
0              
141            
0              
128            
0              
116            
0              
103            
0              
90             
0              
76             
0              
66             
0              
55             
0              
54             
0              
49             
0              
53             
0              
55             
0              
59             
0              
63             
0              
68             
0              
72             
0              
81             
0              
89             
0              
104            
0              
117            
0              
135            
0              
152            
0              
169            
0              
187            
0              
198            
0              
211            
0              
223            
0              
235            
0              
249            
0              
263            
0              
275            
0              
288            
0              
294            
0              
302            
0              
300            
0              
301            
0              
296            
0              
293            
0              
288            
0              
284            
0              
278            
0              
272            
0              
260            
0              
250            
0              
233            
0              
217            
0              
199            
0              
181            
0              
168            
0              
153            
0              
141            
0              
128            
0              
116            
0              
103            
0              
90             
0              
76             
0              
66             
0              
55             
0              
54             
0              
49             
0              
53             
0              
55             
0              
59             
0              
63             
0              
68             
0              
72             
0              
81             
0              
89             
0              
104            
0              
117            
0              
137            
0              
156            
0              
162            
0              
171            
0              
192            
0              
209            
0              
222            
0              
236            
0              
245            
0              
256            
0              
266            
0              
276            
0              
285            
0              
294            
0              
300            
0              
306            
0              
303            
0              
302            
0              
294            
0              
288            
0              
278            
0              
269            
0              
261            
0              
252            
0              
241            
0              
230            
0              
213            
0              
198            
0              
178            
0              
160            
0              
144            
0              
128            
0              
117            
0              
105            
0              
96             
0              
86             
0              
77             
0              
67             
0              
59             
0              
50             
0              
49             
0              
46             
0              
52             
0              
56             
0              
65             
0              
74             
0              
82             
0              
91             
0              
100            
0              
110            
0              
124            
0              
136            
0              
156            
0              
174            
0              
192            
0              
209            
0              
222            
0              
236            
0              
245            
0              
256            
0              
266            
0              
276            
0              
285            
0              
294            
0              
300            
0              
306            
0              
303            
0              
302            
0              
294            
0              
288            
0              
278            
0              
269            
0              
261            
0              
252            
0              
241            
0              
230            
0              
213            
0              
198            
0              
178            
0              
160            
0              
144            
0              
128            
0              
117            
0              
105            
0              
96             
0              
86             
0              
77             
0              
67             
0              
59             
0              
50             
0              
49             
0              
46             
0              
52             
0              
56             
0              
65             
0              
74             
0              
82             
0              
91             
0              
100            
0              
110            
0              
125            
0              
139            
0              
157            
0              
174            
0              
181            
0              
192            
0              
212            
0              
230            
0              
243            
0              
258            
0              
266            
0              
275            
0              
280            
0              
287            
0              
292            
0              
298            
0              
300            
0              
304            
0              
300            
0              
298            
0              
288            
0              
279            
0              
265            
0              
253            
0              
241            
0              
229            
0              
217            
0              
205            
0              
190            
0              
175            
0              
157            
0              
140            
0              
123            
0              
105            
0              
96             
0              
84             
0              
78             
0              
71             
0              
66             
0              
60             
0              
56             
0              
51             
0              
50             
0              
48             
0              
56             
0              
61             
0              
75             
0              
86             
0              
99             
0              
111            
0              
123            
0              
135            
0              
147            
0              
160            
0              
177            
0              
194            
0              
212            
0              
230            
0              
243            
0              
258            
0              
266            
0              
275            
0              
280            
0              
287            
0              
292            
0              
298            
0              
300            
0              
304            
0              
300            
0              
298            
0              
288            
0              
279            
0              
265            
0              
253            
0              
241            
0              
229            
0              
217            
0              
205            
0              
190            
0              
175            
0              
157            
0              
140            
0              
123            
0              
105            
0              
96             
0              
84             
0              
78             
0              
71             
0              
66             
0              
60             
0              
56             
0              
51             
0              
50             
0              
48             
0              
56             
0              
61             
0              
75             
0              
86             
0              
99             
0              
111            
0              
122            
0              
134            
0              
147            
0              
160            
0              
177            
0              
194            
0              
202            
0              
213            
0              
231            
0              
247            
0              
261            
0              
276            
0              
282            
0              
291            
0              
292            
0              
295            
0              
296            
0              
297            
0              
296            
0              
296            
0              
292            
0              
289            
0              
276            
0              
266            
0              
251            
0              
236            
0              
220            
0              
205            
0              
193            
0              
180            
0              
166            
0              
153            
0              
137            
0              
121            
0              
105            
0              
89             
0              
79             
0              
67             
0              
64             
0              
58             
0              
58             
0              
56             
0              
55             
0              
55             
0              
57             
0              
58             
0              
66             
0              
72             
0              
87             
0              
100            
0              
116            
0              
132            
0              
146            
0              
160            
0              
173            
0              
186            
0              
200            
0              
214            
0              
231            
0              
247            
0              
261            
0              
276            
0              
282            
0              
291            
0              
292            
0              
295            
0              
296            
0              
297            
0              
296            
0              
296            
0              
292            
0              
289            
0              
276            
0              
266            
0              
251            
0              
236            
0              
220            
0              
205            
0              
193            
0              
180            
0              
166            
0              
153            
0              
137            
0              
121            
0              
105            
0              
89             
0              
79             
0              
67             
0              
64             
0              
58             
0              
58             
0              
56             
0              
55             
0              
55             
0              
57             
0              
58             
0              
66             
0              
72             
0              
87             
0              
100            
0              
116            
0              
132            
0              
142            
0              
154            
0              
172            
0              
189            
0              
199            
0              
211            
0              
223            
0              
235            
0              
249            
0              
263            
0              
275            
0              
288            
0              
294            
0              
302            
0              
300            
0              
301            
0              
296            
0              
293            
0              
288            
0              
284            
0              
278            
0              
272            
0              
260            
0              
250            
0              
233            
0              
217            
0              
199            
0              
181            
0              
168            
0              
153            
0              
141            
0              
128            
0              
116            
0              
103            
0              
90             
0              
76             
0              
66             
0              
55             
0              
54             
0              
49             
0              
53             
0              
55             
0              
59             
0              
63             
0              
68             
0              
72             
0              
81             
0              
89             
0              
104            
0              
117            
0              
135            
0              
152            
0              
169            
0              
187            
0              
198            
0              
211            
0              
223            
0              
235            
0              
249            
0              
263            
0              
275            
0              
288            
0              
294            
0              
302            
0              
300            
0              
301            
0              
296            
0              
293            
0              
288            
0              
284            
0              
278            
0              
272            
0              
260            
0              
250            
0              
233            
0              
217            
0              
199            
0              
181            
0              
168            
0              
153            
0              
141            
0              
128            
0              
116            
0              
103            
0              
90             
0              
76             
0              
66             
0              
55             
0              
54             
0              
49             
0              
53             
0              
55             
0              
59             
0              
63             
0              
68             
0              
72             
0              
81             
0              
89             
0              
104            
0              
117            
0              
137            
0              
156            
0              
162            
0              
171            
0              
192            
0              
209            
0              
222            
0              
236            
0              
245            
0              
256            
0              
266            
0              
276            
0              
285            
0              
294            
0              
300            
0              
306            
0              
303            
0              
302            
0              
294            
0              
288            
0              
278            
0              
269            
0              
261            
0              
252            
0              
241            
0              
230            
0              
213            
0              
198            
0              
178            
0              
160            
0              
144            
0              
128            
0              
117            
0              
105            
0              
96             
0              
86             
0              
77             
0              
67             
0              
59             
0              
50             
0              
49             
0              
46             
0              
52             
0              
56             
0              
65             
0              
74             
0              
82             
0              
91             
0              
100            
0              
110            
0              
124            
0              
136            
0              
156            
0              
174            
0              
192            
0              
209            
0              
222            
0              
236            
0              
245            
0              
256            
0              
266            
0              
276            
0              
285            
0              
294            
0              
300            
0              
306            
0              
303            
0              
302            
0              
294            
0              
288            
0              
278            
0              
269            
0              
261            
0              
252            
0              
241            
0              
230            
