11             
186            
188            
209            
232            
250            
260            
269            
284            
302            
313            
314            
314            
319            
327            
326            
316            
305            
300            
295            
285            
266            
245            
232            
222            
206            
182            
158            
144            
133            
118            
96             
77             
68             
63             
55             
42             
32             
32             
39             
42             
40             
41             
53             
70             
84             
91             
101            
120            
144            
163            
175            
188            
209            
232            
250            
260            
269            
284            
302            
313            
314            
314            
319            
327            
326            
316            
305            
300            
295            
285            
266            
245            
232            
222            
206            
182            
158            
144            
133            
118            
96             
77             
68             
63             
55             
42             
32             
32             
39             
42             
40             
41             
53             
70             
84             
91             
101            
120            
144            
163            
166            
189            
208            
219            
231            
250            
272            
286            
292            
298            
309            
322            
326            
322            
317            
316            
318            
312            
296            
280            
271            
262            
248            
226            
203            
189            
177            
161            
137            
115            
102            
93             
81             
64             
48             
43             
44             
42             
34             
30             
35             
