0  
8  
-9 
7  
-1 
1  
8  
9  
9  
-9 
5  
-2 
6  
-8 
4  
-7 
-3 
-8 
4  
-4 
-5 
5  
-8 
1  
7  
0  
6  
7  
0  
7  
6  
-2 
-3 
1  
-5 
-4 
3  
4  
9  
0  
-3 
-7 
-5 
-5 
0  
-2 
-5 
8  
1  
9  
3  
3  
-3 
2  
-2 
6  
5  
-7 
-9 
1  
-8 
1  
0  
-3 
7  
-8 
5  
6  
-7 
0  
-9 
4  
5  
4  
0  
1  
9  
-6 
6  
0  
7  
-2 
6  
-5 
-4 
-1 
-2 
-6 
8  
-7 
8  
1  
-1 
4  
8  
1  
0  
4  
-1 
0  
1  
0  
1  
-5 
-3 
3  
0  
4  
9  
2  
-9 
2  
4  
-7 
2  
1  
0  
2  
2  
1  
4  
2  
2  
2  
-5 
-7 
-1 
6  
-1 
6  
9  
6  
5  
-4 
8  
9  
-3 
6  
-6 
-2 
7  
6  
-1 
-5 
5  
9  
-7 
2  
2  
-2 
9  
1  
7  
6  
-1 
-5 
7  
-5 
6  
7  
-2 
0  
4  
8  
-6 
-1 
2  
-2 
8  
5  
7  
9  
9  
-3 
3  
6  
-1 
-1 
-2 
0  
6  
9  
1  
-4 
-5 
-5 
1  
8  
-6 
6  
9  
4  
-4 
1  
8  
2  
0  
-6 
6  
-7 
-9 
-8 
4  
0  
-8 
1  
3  
-7 
6  
4  
-7 
-2 
5  
8  
-7 
0  
7  
-2 
2  
-7 
-6 
7  
0  
7  
9  
-7 
-4 
1  
2  
-3 
2  
5  
8  
-4 
3  
4  
4  
3  
5  
4  
-2 
0  
-3 
-4 
1  
0  
-5 
2  
-9 
2  
3  
6  
1  
-3 
-2 
-9 
-3 
8  
5  
1  
-9 
0  
8  
8  
1  
9  
-3 
-5 
6  
-6 
-2 
-6 
-3 
4  
1  
0  
-2 
4  
6  
5  
6  
2  
4  
7  
2  
-6 
-9 
4  
-8 
-6 
-7 
9  
0  
2  
-9 
-7 
-1 
0  
