0   
64  
-211
-77 
-83 
230 
171 
-123
-20 
183 
135 
35  
78  
140 
206 
147 
-115
-232
-166
9   
-176
-238
200 
24  
-223
-156
-121
124 
-60 
-207
-13 
-48 
169 
-203
179 
84  
-224
-94 
-119
-217
-25 
15  
-185
-119
-232
32  
-184
52  
110 
-248
-43 
87  
107 
71  
-149
97  
-58 
21  
64  
131 
123 
-123
131 
-183
-146
200 
134 
-210
72  
-97 
123 
106 
171 
105 
127 
177 
141 
242 
-92 
-134
-18 
-233
155 
-50 
-101
-120
-166
43  
114 
-45 
247 
-37 
2   
28  
-93 
177 
97  
90  
-77 
238 
-172
65  
140 
-122
77  
82  
-114
-249
-195
144 
-235
61  
-82 
-130
-222
-184
137 
246 
-31 
-36 
29  
147 
-147
-44 
-246
-240
-177
217 
41  
-83 
186 
241 
181 
92  
-170
-127
-155
219 
107 
-244
-75 
197 
-109
218 
-2  
201 
129 
-146
-57 
117 
-249
207 
-82 
-130
109 
58  
85  
-206
164 
22  
149 
-137
79  
199 
-47 
-18 
-210
-82 
234 
-12 
0   
-79 
58  
-64 
-98 
226 
-10 
-105
90  
31  
183 
221 
-171
-72 
11  
233 
228 
117 
-53 
56  
105 
74  
185 
233 
-250
-145
207 
-244
-248
123 
-118
161 
-165
113 
-238
-134
135 
-9  
-152
227 
-161
-18 
-107
166 
-56 
71  
-89 
81  
-87 
-158
229 
42  
-109
177 
-35 
-105
20  
242 
63  
191 
-240
136 
171 
46  
118 
206 
-89 
171 
-225
247 
-173
45  
-198
87  
-132
226 
163 
-19 
88  
-135
-202
-179
185 
197 
-83 
-250
11  
17  
-217
185 
122 
84  
0   
212 
-176
-117
243 
200 
125 
124 
-134
-178
-13 
95  
49  
-137
-41 
-108
-195
9   
-137
66  
-136
-92 
-248
-65 
144 
146 
235 
85  
165 
-4  
-48 
111 
-21 
237 
-29 
-45 
