26             
26             
26             
26             
26             
26             
26             
26             
26             
26             
26             
26             
26             
26             
26             
26             
26             
26             
26             
26             
26             
26             
26             
26             
26             
26             
26             
26             
26             
26             
26             
26             
26             
26             
26             
26             
26             
26             
26             
26             
26             
26             
26             
26             
26             
26             
26             
26             
26             
26             
26             
26             
26             
26             
26             
26             
26             
26             
26             
26             
26             
26             
26             
26             
26             
26             
26             
26             
26             
26             
26             
26             
26             
26             
26             
26             
26             
26             
26             
26             
26             
26             
26             
26             
26             
26             
26             
26             
26             
26             
26             
-59            
-217           
-400           
-582           
-657           
-493           
-353           
116            
473            
718            
776            
517            
271            
95             
26             
26             
26             
26             
26             
26             
26             
26             
26             
26             
26             
26             
26             
26             
-2316          
-6562          
-11078         
-15964         
-20131         
-15877         
-13512         
718            
11532          
18318          
19357          
11884          
6175           
1902           
26             
26             
26             
26             
26             
26             
26             
26             
26             
26             
-229           
-6653          
-9422          
-16716         
-18549         
-18685         
-23785         
-30702         
-41706         
-50773         
-58984         
-53498         
-41504         
-21289         
713            
16023          
19621          
17763          
7133           
26             
26             
26             
26             
26             
26             
26             
26             
26             
-1815          
-18490         
-28520         
-48315         
-54816         
-54193         
-60422         
-70547         
-86718         
-103047        
-116679        
-126197        
-122241        
-107964        
-77368         
-36405         
219            
20647          
19545          
7147           
302            
26             
26             
26             
26             
26             
26             
-399           
-6609          
-30748         
-50444         
-82176         
-97476         
-97722         
-104297        
-111978        
-121613        
-131982        
-147885        
-166136        
-178905        
-180279        
-164352        
-124566        
-66377         
-17615         
18398          
16748          
3014           
95             
26             
26             
26             
26             
26             
-804           
-9223          
-33200         
-57035         
-90245         
-112499        
-119137        
-120782        
-113444        
-100358        
-97241         
-100325        
-121005        
-147632        
-176663        
-198302        
-190571        
-148174        
-80535         
-15071         
17254          
9502           
384            
26             
26             
26             
26             
26             
-573           
-5833          
-13760         
-26297         
-44518         
-71678         
-88400         
-86901         
-82379         
-70491         
-58320         
-51680         
-54188         
-70367         
-101070        
-142925        
-179773        
-177597        
-132975        
-69109         
-622           
11067          
522            
26             
26             
26             
26             
26             
-173           
181            
11983          
15045          
7615           
-17762         
-40122         
-36606         
-31774         
-24236         
-10550         
2170           
5089           
-10383         
-34251         
-76741         
-128121        
-146291        
-137772        
-101020        
-38114         
-2755          
-10            
26             
26             
26             
26             
26             
525            
7010           
27000          
36521          
38678          
21291          
473            
728            
-273           
-1727          
1866           
10606          
10805          
584            
-14752         
-42304         
-74430         
-101440        
-115158        
-98596         
-65289         
-20837         
-681           
26             
26             
26             
26             
26             
726            
6700           
19029          
24586          
27091          
18760          
5464           
3250           
2333           
-438           
-2829          
-191           
-10460         
-23259         
-41142         
-52962         
-59297         
-74658         
-90949         
-78114         
-60734         
-28307         
-1040          
26             
26             
26             
26             
26             
222            
1530           
3773           
4092           
3720           
1314           
-1937          
-1752          
-379           
26             
-824           
-10819         
-26138         
-43254         
-55869         
-60767         
-61886         
-72029         
-80920         
-65720         
-47915         
-21388         
-815           
26             
26             
26             
26             
26             
26             
26             
26             
26             
26             
26             
26             
26             
26             
-59            
-2387          
-24123         
-39917         
-56974         
-56721         
-52501         
-62405         
-78575         
-80797         
-69347         
-38669         
-8307          
-291           
26             
26             
26             
26             
26             
26             
26             
26             
26             
26             
26             
26             
26             
-229           
-3300          
-11664         
-34417         
-48751         
-62428         
-56855         
-49397         
-60857         
-72704         
-74600         
-59151         
-26896         
-1415          
-55            
26             
26             
26             
26             
26             
26             
26             
26             
26             
26             
26             
26             
26             
-1645          
-14019         
-27169         
-50221         
-56233         
-54102         
-59036         
-55870         
-58696         
-66879         
-53622         
-36398         
-14538         
26             
26             
26             
26             
26             
26             
26             
26             
26             
26             
26             
26             
26             
-399           
-1784          
-7771          
-28546         
-44811         
-62235         
-55119         
-41662         
-47907         
-59330         
-68230         
-59112         
-38541         
-18252         
-2971          
26             
26             
26             
26             
26             
26             
26             
26             
26             
26             
26             
26             
26             
-2164          
-10447         
-23998         
-43881         
-63556         
-65776         
-62416         
-53023         
-49253         
-62763         
-61689         
-48271         
-24356         
-4267          
26             
26             
26             
26             
26             
26             
26             
26             
26             
26             
26             
26             
26             
26             
-4810          
-20513         
-42888         
-64789         
-73691         
-62398         
-66009         
-66912         
-66899         
-67906         
-50608         
-31835         
-11421         
26             
26             
26             
26             
26             
26             
26             
26             
26             
26             
26             
26             
26             
26             
-1249          
-13375         
-33740         
-56909         
-73568         
-69693         
-60254         
-62790         
-70145         
-76909         
-69502         
-42437         
-15657         
-2485          
26             
26             
26             
26             
26             
26             
26             
26             
26             
26             
26             
26             
26             
26             
-7479          
-23475         
-44659         
-64802         
-64493         
-64281         
-62437         
-59253         
-69570         
-69227         
-53481         
-27461         
-6332          
26             
26             
26             
26             
26             
26             
26             
26             
26             
26             
26             
26             
26             
26             
-144           
-16335         
-34834         
-54492         
-64130         
-52561         
-56038         
-53669         
-59686         
-62558         
-45094         
-28368         
-12185         
-2323          
26             
26             
26             
26             
26             
26             
26             
26             
26             
26             
26             
26             
26             
-654           
-8982          
-25865         
-45397         
-59700         
-61094         
-53842         
-54800         
-53444         
-60309         
-50851         
-30648         
-12040         
-1999          
26             
26             
26             
26             
26             
26             
26             
26             
26             
26             
26             
26             
26             
26             
-7405          
-22553         
-40151         
-54008         
-50795         
-50636         
-52738         
-60163         
-63611         
-48571         
-33990         
-15642         
-2066          
26             
26             
26             
26             
26             
26             
26             
26             
26             
26             
26             
26             
26             
26             
26             
-15510         
-35672         
-58086         
-63851         
-52969         
-49206         
-62731         
-72872         
-66324         
-43487         
-17185         
-2842          
-136           
26             
26             
26             
26             
26             
26             
26             
26             
26             
26             
26             
26             
26             
26             
26             
-13023         
-41168         
-57225         
-70313         
-69754         
-56857         
-70660         
-73031         
-57834         
-31706         
-5015          
-136           
26             
26             
26             
26             
26             
26             
26             
26             
26             
26             
26             
26             
26             
26             
26             
26             
-4129          
-8460          
-19257         
-49065         
-69205         
-77982         
-82492         
-63470         
-40730         
-17144         
-298           
26             
26             
26             
26             
26             
26             
26             
26             
26             
26             
26             
26             
