26             
26             
26             
26             
26             
26             
26             
26             
26             
26             
26             
26             
26             
26             
26             
26             
26             
26             
26             
26             
26             
473            
776            
517            
95             
26             
26             
26             
26             
26             
26             
26             
0              
0              
0              
11532          
19357          
19621          
17763          
26             
26             
26             
26             
26             
0              
0              
0              
0              
0              
0              
0              
219            
20647          
16748          
95             
26             
26             
0              
0              
0              
0              
0              
0              
0              
0              
0              
0              
17254          
522            
26             
26             
7010           
36521          
38678          
728            
0              
10606          
10805          
0              
0              
0              
0              
26             
26             
26             
6700           
24586          
27091          
5464           
2333           
0              
0              
0              
0              
0              
0              
26             
26             
26             
26             
26             
26             
26             
26             
0              
0              
0              
0              
0              
0              
26             
26             
26             
26             
26             
26             
26             
0              
0              
0              
0              
0              
0              
26             
26             
26             
26             
26             
26             
26             
0              
0              
0              
0              
0              
0              
26             
26             
26             
26             
26             
26             
26             
26             
0              
0              
0              
0              
0              
0              
26             
26             
26             
26             
26             
26             
26             
0              
0              
0              
0              
0              
0              
26             
26             
26             
26             
26             
26             
26             
26             
0              
0              
0              
0              
0              
0              
26             
26             
26             
26             
26             
26             
26             
26             
0              
0              
0              
0              
0              
26             
26             
26             
26             
26             
26             
