-2             
-2             
-2             
-2             
-2             
-2             
-2             
-2             
-2             
-2             
-2             
-2             
-2             
-2             
-2             
-2             
-2             
-2             
-2             
-2             
-2             
-2             
-2             
-2             
-2             
-2             
-2             
-2             
-2             
-2             
-2             
-2             
-2             
-2             
-2             
-2             
-2             
-2             
-2             
-2             
-2             
-314           
-457           
-918           
-1837          
-851           
2035           
4737           
7886           
9002           
6031           
2679           
692            
166            
21             
-2             
-2             
-2             
-2             
-2             
-2             
-2             
-2             
-2             
-2             
-2             
-2             
-2             
-275           
-3151          
-3478          
-1532          
857            
8767           
18527          
26770          
36165          
36253          
27950          
18626          
7870           
2706           
460            
-2             
-2             
-2             
-2             
-2             
-2             
-2             
-2             
-2             
-2             
-2             
-41            
-405           
-3400          
-9139          
-1647          
11982          
27387          
43735          
48063          
53023          
60093          
52520          
51249          
49872          
28730          
13151          
3130           
136            
-2             
-2             
-2             
-2             
-2             
-2             
-2             
-2             
-2             
-80            
-1902          
-8054          
-7964          
4380           
26665          
36054          
38904          
52714          
56858          
63080          
77371          
79142          
81066          
74671          
47454          
27688          
8671           
654            
-2             
-2             
-2             
-2             
-2             
-2             
-2             
-2             
-2693          
-7923          
-7090          
4779           
23500          
26625          
36350          
44971          
55303          
70736          
68345          
58084          
56141          
60176          
87422          
85922          
65640          
45118          
17001          
1978           
-2             
-2             
-2             
-2             
-2             
-2             
-2             
-2732          
-8304          
-3206          
14325          
25529          
34387          
40829          
47766          
61722          
73416          
60910          
38064          
25286          
14064          
20292          
55744          
74684          
81765          
63236          
28294          
5125           
-2             
-2             
-2             
-2             
-2             
-2             
-2537          
-8007          
-6039          
8890           
25624          
32859          
48006          
60306          
70410          
69760          
59053          
41119          
23661          
7677           
-10723         
-3880          
28061          
62944          
84103          
63308          
34969          
9630           
-2             
-2             
-2             
-41            
-1029          
-4218          
-7372          
-2911          
8279           
21959          
35011          
50211          
64978          
74171          
72765          
53788          
42524          
28721          
14408          
-7442          
-36504         
-19217         
15085          
50550          
83901          
58520          
38217          
13457          
-2             
-2             
-2             
-160           
-3892          
-8480          
-1700          
12051          
26307          
37409          
46629          
62001          
70507          
63203          
45868          
34634          
29020          
13882          
5785           
-9841          
-26839         
1680           
24290          
53642          
73485          
53055          
36925          
12904          
-2             
-158           
-717           
-1666          
-7709          
-5602          
10243          
23905          
37772          
50446          
63171          
69299          
55080          
41653          
28849          
20328          
14675          
2286           
-8205          
-10262         
-1403          
19605          
30538          
62824          
62526          
52941          
29031          
5967           
-2             
-1726          
-6392          
-7214          
-3188          
11643          
28075          
37973          
54008          
69890          
66100          
47269          
31523          
27552          
15722          
9737           
-21            
-8020          
-15792         
-8879          
15905          
31774          
49750          
80746          
59163          
49637          
19623          
-73            
-1874          
-7508          
-6926          
10188          
20657          
28658          
40896          
47015          
66259          
66425          
51199          
36309          
23203          
12324          
3511           
-732           
-5594          
-7683          
-14072         
-3008          
21119          
38348          
75589          
76237          
49968          
38413          
11532          
-715           
-4271          
-10074         
-427           
20741          
30703          
45149          
49408          
63712          
78457          
62674          
42546          
25484          
11776          
886            
-4162          
-4126          
-4055          
-13433         
-16791         
7890           
24225          
44795          
76080          
57582          
45905          
28994          
9375           
1187           
-3744          
-5836          
3983           
14560          
22716          
38260          
51696          
76395          
79970          
59663          
38673          
17884          
345            
-6021          
-3246          
-41            
-4456          
-15180         
-10051         
15281          
34309          
64328          
66623          
41222          
37669          
16043          
1950           
-126           
-6773          
-13290         
-4967          
-3393          
-794           
23396          
32311          
59042          
74713          
58813          
45635          
17183          
-2102          
-478           
-1497          
-4860          
-10083         
-7761          
9944           
23658          
43312          
70758          
51451          
34210          
23684          
243            
-3563          
-646           
-6202          
-11582         
-10703         
-14837         
-12014         
-2031          
7560           
42797          
67010          
60104          
45432          
11888          
-2578          
-2             
-4138          
-7308          
-3993          
7195           
28779          
39934          
59886          
66405          
39773          
37733          
9295           
-2411          
-968           
-2             
-638           
-2851          
-9400          
-14166         
-23603         
-31479         
-15506         
29723          
56925          
63395          
45660          
12827          
-1419          
-3139          
-7780          
-3493          
9405           
23644          
41750          
51413          
66073          
45806          
32245          
26631          
-3547          
-1328          
-2             
-2             
478            
290            
-3177          
-5021          
-13570         
-30617         
-19839         
27339          
48139          
62798          
45625          
12659          
-6382          
-7719          
-2720          
12050          
31646          
44827          
54347          
56547          
51227          
30133          
29502          
7926           
-2602          
-370           
-2             
-2             
-2             
-2             
-2             
-166           
-6786          
-23759         
-12186         
23869          
47596          
65843          
49454          
11513          
-6729          
6332           
16631          
26366          
45674          
54371          
54949          
46131          
31622          
21419          
14682          
-4027          
-411           
-2             
-2             
-2             
-2             
-2             
-2             
-238           
-7992          
-21652         
-8770          
19323          
47815          
67119          
55855          
29324          
15529          
21889          
32899          
48536          
57645          
56100          
46167          
32727          
19283          
10014          
-1942          
-4402          
-232           
-2             
-2             
-2             
-2             
-2             
-2             
-238           
-7482          
-21134         
-9759          
14958          
48809          
78543          
70847          
52414          
40598          
39560          
46722          
62047          
63863          
56741          
38230          
20948          
9841           
-2142          
-4574          
-186           
-2             
-2             
-2             
-2             
-2             
-2             
-2             
-160           
-5642          
-16946         
-8799          
1696           
30447          
68221          
71226          
62555          
61671          
61235          
60906          
64075          
51288          
34570          
24701          
12386          
-1810          
-4510          
-2             
-2             
-2             
-2             
-2             
-2             
-2             
-2             
-2             
-156           
-4822          
-16195         
-13331         
-11345         
8811           
37985          
53107          
67661          
76832          
69477          
57406          
47761          
35763          
21891          
15586          
1383           
-3997          
-2             
-2             
-2             
-2             
-2             
-2             
-2             
-2             
-2             
-2             
-74            
-2438          
-11456         
-15907         
-20249         
-7265          
8759           
24466          
43682          
48064          
45811          
36901          
24837          
22193          
12686          
4642           
-1033          
-324           
-2             
-2             
-2             
-2             
-2             
-2             
-2             
-2             
-2             
-2             
22             
72             
-4013          
-10686         
-21927         
-19391         
-14894         
-3061          
12287          
16215          
24088          
22656          
11183          
5192           
-2125          
-3904          
-1878          
-2             
-2             
-2             
-2             
-2             
-2             
-2             
-2             
-2             
-2             
-2             
-2             
142            
130            
-2353          
-9957          
-14767         
-22262         
-19144         
-5346          
654            
7807           
7895           
1566           
-4307          
-2795          
-1358          
-462           
-2             
-2             
-2             
-2             
-2             
-2             
-2             
-2             
-2             
-2             
-2             
-2             
-2             
202            
99             
-957           
-4003          
-9829          
-12396         
-10835         
-9406          
-2326          
-4935          
-3329          
-3578          
-508           
-2             
-2             
-2             
-2             
-2             
-2             
-2             
-2             
-2             
-2             
